x=0.5000, y=0.2984464104095248
x=1.0000, y=2.42551882081476
x=1.5708, y=74115602245.95308
x=3.1416, y=5.396974292718981e-11
